136395703
174213340
274045070
362129798
376510978
393633084
409963587
429089997
462001651
529093423
569296356
624182121
626320640
664644815
673605197
691974425
710881751
759314505
821090985
827073637
924479490
937664293
940380723
963895098
964054663
971912032
992163581
1040477765
1057833644
1065315320
1071187704
1072025205
1079336798
1084059415
1099898076
1123178349
1130692457
1140343784
1273814487
1309929044
1399535649
1506738897
1510462482
1533020019
1533736895
1543642174
1546214629
1656391220
1694308936
1824727273
1912521560
2420165501
97048489
249823659
501930970
504718885
529737660
574759800
584929804
634841657
838476976
850163430
851254289
857095497
897495909
961086336
981490242
1126060232
1657826998
1782665368
2399527300
2414500951
2586746440
471271819
657752755
892058867
983568814
1346657097
1931088677
2530214680
3141001990
3280236717
3465224533
8737347
8867420
10787621
44904106
120951290
243054980
254791431
260238005
316088068
316379419
357423606
365825301
377698527
379240174
393444163
455986544
460300543
470729963
492160583
499782927
505358005
563346564
614600324
616433125
635613506
721693998
770856780
806315259
820845600
840858939
861389740
879191461
909138734
917944877
920589807
940770086
944691609
964745177
991022948
997370674
1002406287
1016492579
1027653673
1065942152
1069124355
1072402909
1099634723
1101481942
1160898205
1181423977
1263888120
1348182282
1358566246
1412865357
1446437100
1457242575
1486494604
1548983536
1712773768
1754425520
1904452363
1983461670
2723109708
2927794731
27643946
625790801
844955708
1004202670
1032910290
1039573802
1106981707
1531405583
1620361588
2942270042
2944164500
